last_xs = [[0 ,0.64664665 ,0.71971972 ,0.76376376 ,0.79379379 ,0.81681682
  ,0.83483483 ,0.84884885 ,0.86086086 ,0.87087087 ,0.87987988 ,0.88788789
  ,0.89389389 ,0.8998999  ,0.9049049  ,0.90990991 ,0.91391391 ,0.91791792
  ,0.92192192 ,0.92492492],
 [0.77377377 ,0.6966967  ,0.59159159 ,0.7017017  ,0.75375375 ,0.78778779
  ,0.81281281 ,0.83183183 ,0.84684685 ,0.85885886 ,0.86986987 ,0.87887888
  ,0.88688689 ,0.89389389 ,0.8998999  ,0.9049049  ,0.90990991 ,0.91391391
  ,0.91791792 ,0.92192192],
 [0.81981982 ,0.81781782 ,0.74174174 ,0.5995996  ,0.68268268 ,0.74574575
  ,0.78278278 ,0.80880881 ,0.82882883 ,0.84484484 ,0.85785786 ,0.86886887
  ,0.87787788 ,0.88588589 ,0.89289289 ,0.8988989  ,0.9049049  ,0.90890891
  ,0.91391391 ,0.91791792],
 [0.88088088 ,0.86186186 ,0.82782783 ,0.78078078 ,0.6986987  ,0.66366366
  ,0.73873874 ,0.77977978 ,0.80680681 ,0.82782783 ,0.84384384 ,0.85785786
  ,0.86886887 ,0.87787788 ,0.88588589 ,0.89289289 ,0.8988989  ,0.9039039
  ,0.90890891 ,0.91291291],
 [0.8978979  ,0.88488488 ,0.87187187 ,0.82682683 ,0.79279279 ,0.73573574
  ,0.65665666 ,0.73673674 ,0.77877878 ,0.80680681 ,0.82782783 ,0.84384384
  ,0.85785786 ,0.86886887 ,0.87787788 ,0.88588589 ,0.89289289 ,0.8988989
  ,0.9049049  ,0.90890891],
 [0.90690691 ,0.86186186 ,0.8958959  ,0.87187187 ,0.86386386 ,0.8028028
  ,0.77077077 ,0.66566567 ,0.73973974 ,0.78078078 ,0.80780781 ,0.82882883
  ,0.84484484 ,0.85785786 ,0.86886887 ,0.87787788 ,0.88588589 ,0.89289289
  ,0.8988989  ,0.9049049 ],
 [0.91791792 ,0.91891892 ,0.90590591 ,0.8958959  ,0.87787788 ,0.84984985
  ,0.84384384 ,0.78478478 ,0.68268268 ,0.74674675 ,0.78478478 ,0.81081081
  ,0.83083083 ,0.84684685 ,0.85885886 ,0.86986987 ,0.87887888 ,0.88688689
  ,0.89389389 ,0.8998999 ],
 [0.92192192 ,0.92692693 ,0.91891892 ,0.9039039  ,0.8968969  ,0.89289289
  ,0.85785786 ,0.84584585 ,0.79279279 ,0.7017017  ,0.75575576 ,0.79079079
  ,0.81481481 ,0.83383383 ,0.84884885 ,0.86086086 ,0.87087087 ,0.87987988
  ,0.88788789 ,0.89489489],
 [0.93493493 ,0.93693694 ,0.93193193 ,0.92392392 ,0.91591592 ,0.86186186
  ,0.87787788 ,0.88188188 ,0.82482482 ,0.76376376 ,0.71971972 ,0.76576577
  ,0.7967968  ,0.81981982 ,0.83683684 ,0.85085085 ,0.86286286 ,0.87287287
  ,0.88188188 ,0.88888889],
 [0.93893894 ,0.93593594 ,0.91991992 ,0.9029029  ,0.92492492 ,0.92192192
  ,0.90990991 ,0.8998999  ,0.85285285 ,0.86086086 ,0.66366366 ,0.73673674
  ,0.77677678 ,0.8038038  ,0.82482482 ,0.84084084 ,0.85385385 ,0.86586587
  ,0.87487487 ,0.88288288],
 [0.95095095 ,0.94094094 ,0.94094094 ,0.93693694 ,0.93593594 ,0.92492492
  ,0.92392392 ,0.91591592 ,0.89289289 ,0.88488488 ,0.82582583 ,0.6976977
  ,0.75275275 ,0.78678679 ,0.81081081 ,0.82982983 ,0.84484484 ,0.85785786
  ,0.86786787 ,0.87687688],
 [0.95095095 ,0.95095095 ,0.94794795 ,0.94294294 ,0.94194194 ,0.91591592
  ,0.93093093 ,0.91591592 ,0.91791792 ,0.8978979  ,0.88888889 ,0.85885886
  ,0.72272272 ,0.76676677 ,0.7957958  ,0.81781782 ,0.83483483 ,0.84884885
  ,0.86086086 ,0.87087087],
 [0.95395395 ,0.95595596 ,0.94794795 ,0.93593594 ,0.94694695 ,0.93793794
  ,0.93793794 ,0.93493493 ,0.91391391 ,0.91491491 ,0.9049049  ,0.88688689
  ,0.83683684 ,0.74274274 ,0.77877878 ,0.8048048  ,0.82482482 ,0.83983984
  ,0.85285285 ,0.86386386],
 [0.95495495 ,0.95495495 ,0.94394394 ,0.94994995 ,0.95095095 ,0.93593594
  ,0.93393393 ,0.93493493 ,0.92292292 ,0.90990991 ,0.91791792 ,0.90690691
  ,0.87987988 ,0.71171171 ,0.75975976 ,0.79079079 ,0.81281281 ,0.83083083
  ,0.84484484 ,0.85785786],
 [0.96196196 ,0.95995996 ,0.95095095 ,0.95695696 ,0.95095095 ,0.94894895
  ,0.93393393 ,0.93293293 ,0.93993994 ,0.92192192 ,0.93193193 ,0.92492492
  ,0.90890891 ,0.88088088 ,0.73673674 ,0.77477477 ,0.8008008  ,0.82082082
  ,0.83683684 ,0.84984985],
 [0.96096096 ,0.96296296 ,0.96196196 ,0.95795796 ,0.95195195 ,0.95195195
  ,0.94794795 ,0.95095095 ,0.93893894 ,0.94294294 ,0.90790791 ,0.93193193
  ,0.90890891 ,0.91391391 ,0.89089089 ,0.75675676 ,0.78778779 ,0.80980981
  ,0.82782783 ,0.84284284],
 [0.96696697 ,0.96196196 ,0.96196196 ,0.96196196 ,0.94794795 ,0.95395395
  ,0.94694695 ,0.95095095 ,0.93593594 ,0.94394394 ,0.93793794 ,0.93693694
  ,0.93293293 ,0.91591592 ,0.91191191 ,0.86386386 ,0.77277277 ,0.7987988
  ,0.81881882 ,0.83483483],
 [0.96796797 ,0.96496496 ,0.96196196 ,0.96096096 ,0.93993994 ,0.95495495
  ,0.95795796 ,0.95595596 ,0.93993994 ,0.94694695 ,0.94794795 ,0.92192192
  ,0.93493493 ,0.93393393 ,0.91991992 ,0.90990991 ,0.75475475 ,0.78578579
  ,0.80880881 ,0.82682683],
 [0.96296296 ,0.94994995 ,0.96696697 ,0.95395395 ,0.94494494 ,0.95695696
  ,0.96096096 ,0.95495495 ,0.95795796 ,0.95595596 ,0.95295295 ,0.94694695
  ,0.93193193 ,0.93593594 ,0.92192192 ,0.92292292 ,0.90890891 ,0.77177177
  ,0.7977978  ,0.81781782],
 [0.96596597 ,0.96696697 ,0.96796797 ,0.95295295 ,0.96396396 ,0.96496496
  ,0.92692693 ,0.96296296 ,0.94694695 ,0.95795796 ,0.95595596 ,0.94494494
  ,0.94994995 ,0.94694695 ,0.93893894 ,0.92292292 ,0.92392392 ,0.89489489
  ,0.78578579 ,0.80880881]]